[[3,5], 
 [1,4], 
 [2,4], 
 [1,5], 
 [2,3]]
 
[[1,2], 
 [2,3], 
 [3,4], 
 [4,1]]
[[1,10], 
 [10,1]]
[[1,10], 
 [1,10]]
[[1,5], 
 [4,1], 
 [2,4], 
 [8,2], 
 [5,8]]
[[1000000,1], 
 [1000000,1]]
Test 7
[[4,7], 
 [6,8], 
 [1,7], 
 [9,8], 
 [10,6], 
 [9,1], 
 [10,4]]
[[7,4], 
 [6,3], 
 [5,1], 
 [7,5], 
 [3,4], 
 [6,2], 
 [1,2]]
[[97,12], 
 [97,19], 
 [31,86], 
 [12,49], 
 [49,31], 
 [86,14], 
 [14,19]]
[[83,53], 
 [99,45], 
 [93,5], 
 [60,42], 
 [53,58], 
 [83,61], 
 [99,58], 
 [45,42], 
 [5,61], 
 [93,60]]
